

  alpha     CL        CD       CDp       Cm    Top Xtr Bot Xtr   Cpmin    Chinge    XCp    
 ------- -------- --------- --------- -------- ------- ------- -------- --------- ---------
  -5.000  -0.0737   0.01287   0.00638  -0.1084  0.9099  0.0581  -2.4372   0.0000   0.0000   0.0000  -1.2580
  -4.000   0.0364   0.01115   0.00458  -0.1076  0.8803  0.0812  -1.8788   0.0000   0.0000   0.0000   3.2620
  -3.000   0.1460   0.01013   0.00355  -0.1067  0.8447  0.1257  -1.3652   0.0000   0.0000   0.0000   0.9901
  -2.000   0.2558   0.00940   0.00293  -0.1058  0.8016  0.2093  -0.9465   0.0000   0.0000   0.0000   0.6668
  -1.000   0.3641   0.00879   0.00261  -0.1049  0.7521  0.3595  -0.6894   0.0000   0.0000   0.0000   0.5385
   0.000   0.4608   0.00739   0.00273  -0.1007  0.7000  0.9297  -0.7662   0.0000   0.0000   0.0000   0.4672
   1.000   0.5902   0.00778   0.00267  -0.1043  0.6456  1.0000  -0.8666   0.0000   0.0000   0.0000   0.4241
   2.000   0.6936   0.00839   0.00287  -0.1024  0.5974  1.0000  -0.9619   0.0000   0.0000   0.0000   0.3940
   3.000   0.7992   0.00899   0.00329  -0.1012  0.5590  1.0000  -1.0720   0.0000   0.0000   0.0000   0.3719
   4.000   0.9048   0.00965   0.00385  -0.1000  0.5250  1.0000  -1.2058   0.0000   0.0000   0.0000   0.3548
   5.000   1.0091   0.01037   0.00450  -0.0987  0.4916  1.0000  -1.4656   0.0000   0.0000   0.0000   0.3409
   6.000   1.1089   0.01123   0.00527  -0.0966  0.4495  1.0000  -1.8579   0.0000   0.0000   0.0000   0.3290
   7.000   1.2058   0.01203   0.00609  -0.0940  0.4010  1.0000  -2.3562   0.0000   0.0000   0.0000   0.3186
   8.000   1.2933   0.01331   0.00727  -0.0901  0.3297  1.0000  -2.9154   0.0000   0.0000   0.0000   0.3089
   9.000   1.3536   0.01605   0.00942  -0.0821  0.2096  1.0000  -3.4670   0.0000   0.0000   0.0000   0.2985
  10.000   1.3843   0.02028   0.01306  -0.0705  0.1020  1.0000  -3.9342   0.0000   0.0000   0.0000   0.2872
  11.000   1.4115   0.02527   0.01790  -0.0605  0.0586  1.0000  -4.3902   0.0000   0.0000   0.0000   0.2776
  12.000   1.4365   0.03123   0.02409  -0.0529  0.0440  1.0000  -4.8970   0.0000   0.0000   0.0000   0.2698
  13.000   1.4385   0.04028   0.03345  -0.0466  0.0358  1.0000  -5.3191   0.0000   0.0000   0.0000   0.2634
  14.000   1.4495   0.04964   0.04320  -0.0435  0.0312  1.0000  -5.7958   0.0000   0.0000   0.0000   0.2590
  15.000   1.4313   0.06310   0.05698  -0.0414  0.0268  1.0000  -6.0897   0.0000   0.0000   0.0000   0.2558
  16.000   1.4363   0.07499   0.06931  -0.0419  0.0244  1.0000  -6.5195   0.0000   0.0000   0.0000   0.2538
  17.000   1.4295   0.08895   0.08367  -0.0436  0.0221  1.0000  -6.8622   0.0000   0.0000   0.0000   0.2530
  18.000   1.4143   0.10440   0.09949  -0.0467  0.0204  1.0000  -7.1288   0.0000   0.0000   0.0000   0.2532
  19.000   1.3741   0.12370   0.11940  -0.0512  0.0188  1.0000  -7.0865   0.0000   0.0000   0.0000   0.2552
  20.000   1.3397   0.14555   0.14184  -0.0621  0.0185  1.0000  -7.0726   0.0000   0.0000   0.0000   0.2620


