

  alpha     CL        CD       CDp       Cm    Top Xtr Bot Xtr   Cpmin    Chinge    XCp    
 ------- -------- --------- --------- -------- ------- ------- -------- --------- ---------
  -5.000  -0.6309   0.01106   0.00453   0.0132  1.0000  0.1975  -2.1048   0.0000   0.0000   0.0000   0.2649
  -4.000  -0.5140   0.00981   0.00390   0.0107  0.9940  0.3326  -1.5907   0.0000   0.0000   0.0000   0.2655
  -3.000  -0.3622   0.00873   0.00339   0.0017  0.9763  0.4828  -1.1130   0.0000   0.0000   0.0000   0.2497
  -2.000  -0.2187   0.00776   0.00296  -0.0047  0.9507  0.6176  -0.7678   0.0000   0.0000   0.0000   0.2239
  -1.000  -0.1031   0.00705   0.00261  -0.0038  0.9026  0.7308  -0.5537   0.0000   0.0000   0.0000   0.2079
   0.000   0.0000   0.00680   0.00249  -0.0000  0.8271  0.8271  -0.4146   0.0000   0.0000   0.0000   0.4230
   1.000   0.1031   0.00705   0.00261   0.0038  0.7308  0.9026  -0.5537   0.0000   0.0000   0.0000   0.2079
   2.000   0.2187   0.00776   0.00296   0.0047  0.6176  0.9507  -0.7678   0.0000   0.0000   0.0000   0.2239
   3.000   0.3622   0.00873   0.00339  -0.0017  0.4828  0.9763  -1.1130   0.0000   0.0000   0.0000   0.2497
   4.000   0.5141   0.00981   0.00390  -0.0107  0.3325  0.9941  -1.5908   0.0000   0.0000   0.0000   0.2656
   5.000   0.6308   0.01106   0.00452  -0.0131  0.1976  1.0000  -2.1044   0.0000   0.0000   0.0000   0.2649
   6.000   0.7146   0.01248   0.00558  -0.0086  0.1119  1.0000  -2.6125   0.0000   0.0000   0.0000   0.2552
   7.000   0.7945   0.01426   0.00715  -0.0030  0.0711  1.0000  -3.1406   0.0000   0.0000   0.0000   0.2460
   8.000   0.8745   0.01615   0.00913   0.0026  0.0527  1.0000  -3.7870   0.0000   0.0000   0.0000   0.2383
   9.000   0.9515   0.01867   0.01178   0.0083  0.0419  1.0000  -4.4370   0.0000   0.0000   0.0000   0.2314
  10.000   0.2066   0.00018  -0.00292   0.0783  0.0809  0.9500  -1.6741   0.0000   0.0000   0.0000  -0.1216
  11.000   0.2590   0.00059  -0.00251   0.0726  0.0599  0.9677  -2.0182   0.0000   0.0000   0.0000  -0.0269
  12.000   0.3157   0.00150  -0.00144   0.0656  0.0480  0.9843  -2.4122   0.0000   0.0000   0.0000   0.0427
  13.000   0.3629   0.00376   0.00112   0.0546  0.0410  0.9991  -2.7208   0.0000   0.0000   0.0000   0.0974
  14.000   0.3400   0.00563   0.00307   0.0551  0.0372  1.0000  -2.7431   0.0000   0.0000   0.0000   0.0860
  15.000   0.2418   0.01763   0.01547   0.0412  0.0377  1.0000  -1.9034   0.0000   0.0000   0.0000   0.0828
  17.000   0.2273   0.05389   0.05165   0.0184  0.0395  1.0000  -0.6772   0.0000   0.0000   0.0000   0.1784
  18.000   0.2699   0.06628   0.06401   0.0148  0.0363  1.0000  -0.8687   0.0000   0.0000   0.0000   0.1999
  19.000   0.2856   0.07690   0.07463   0.0068  0.0315  1.0000  -0.7177   0.0000   0.0000   0.0000   0.2304
  20.000   0.3281   0.09130   0.08902   0.0027  0.0269  1.0000  -0.8670   0.0000   0.0000   0.0000   0.2422


