
  alpha     CL        CD       CDp       Cm    Top Xtr Bot Xtr   Cpmin    Chinge    XCp    
 ------- -------- --------- --------- -------- ------- ------- -------- --------- ---------
  -4.000   0.0248   0.01438   0.00845  -0.1009  0.9048  0.0122  -2.5215   0.0000   0.0000   0.0000   4.3649
  -3.000   0.1307   0.01122   0.00484  -0.0984  0.8745  0.0160  -1.8092   0.0000   0.0000   0.0000   1.0095
  -2.000   0.2390   0.00906   0.00288  -0.0970  0.8392  0.1348  -1.3509   0.0000   0.0000   0.0000   0.6581
  -1.000   0.3439   0.00722   0.00250  -0.0958  0.7956  0.6352  -0.7522   0.0000   0.0000   0.0000   0.5287
   0.000   0.4388   0.00657   0.00233  -0.0901  0.7430  0.9537  -0.6972   0.0000   0.0000   0.0000   0.4542
   1.000   0.5580   0.00684   0.00216  -0.0916  0.6828  1.0000  -0.8218   0.0000   0.0000   0.0000   0.4121
   2.000   0.6665   0.00738   0.00227  -0.0909  0.6133  1.0000  -0.9665   0.0000   0.0000   0.0000   0.3834
   3.000   0.7734   0.00809   0.00265  -0.0901  0.5421  1.0000  -1.1338   0.0000   0.0000   0.0000   0.3626
   4.000   0.8786   0.00893   0.00315  -0.0892  0.4703  1.0000  -1.3189   0.0000   0.0000   0.0000   0.3466
   5.000   0.9812   0.01000   0.00393  -0.0880  0.4008  1.0000  -1.5588   0.0000   0.0000   0.0000   0.3337
   6.000   1.0832   0.01105   0.00507  -0.0869  0.3403  1.0000  -1.9361   0.0000   0.0000   0.0000   0.3230
   7.000   1.1680   0.01347   0.00642  -0.0838  0.1854  1.0000  -2.3292   0.0000   0.0000   0.0000   0.3133
   8.000   1.2535   0.01581   0.00825  -0.0809  0.1017  1.0000  -3.0874   0.0000   0.0000   0.0000   0.3048
   9.000   1.3243   0.01909   0.01098  -0.0761  0.0300  1.0000  -3.9304   0.0000   0.0000   0.0000   0.2963
  10.000   1.3857   0.02209   0.01415  -0.0698  0.0082  1.0000  -4.7390   0.0000   0.0000   0.0000   0.2877
  11.000   1.4312   0.02577   0.01819  -0.0619  0.0040  1.0000  -5.7880   0.0000   0.0000   0.0000   0.2790
  12.000   1.4586   0.03131   0.02436  -0.0543  0.0035  1.0000  -6.6983   0.0000   0.0000   0.0000   0.2712
  13.000   1.4512   0.04118   0.03495  -0.0483  0.0035  1.0000  -7.2674   0.0000   0.0000   0.0000   0.2653
  14.000   1.4146   0.05687   0.05139  -0.0479  0.0036  1.0000  -7.5177   0.0000   0.0000   0.0000   0.2638
  15.000   1.3689   0.07766   0.07292  -0.0533  0.0038  1.0000  -7.5798   0.0000   0.0000   0.0000   0.2668
  16.000   1.3198   0.10152   0.09749  -0.0631  0.0040  1.0000  -7.4826   0.0000   0.0000   0.0000   0.2737
  17.000   1.2666   0.12709   0.12374  -0.0776  0.0042  1.0000  -7.1900   0.0000   0.0000   0.0000   0.2854
  18.000   1.2095   0.15937   0.15663  -0.0970  0.0043  1.0000  -6.6342   0.0000   0.0000   0.0000   0.3030
  19.000   1.1424   0.20428   0.20200  -0.1200  0.0044  1.0000  -5.5547   0.0000   0.0000   0.0000   0.3275
  20.000   1.0608   0.26954   0.26732  -0.1407  0.0054  1.0000  -3.1865   0.0000   0.0000   0.0000   0.3565


